{standalone_tags: [], tag_bundles: [{layout: [{id: 0, qw: 1.0, qx: 0.0, qy: 0.0, qz: -0.0,
          size: 0.2, x: 0.0, y: 0.0, z: 0.0}, {id: 14, qw: 1.0, qx: 0.04063459, qy: -0.05776737,
          qz: 0.00155859, size: 0.2, x: -0.46058995, y: -1.00646351, z: -0.00466322},
        {id: 16, qw: 1.0, qx: -0.00264179, qy: 0.01993658, qz: 0.01161336, size: 0.2,
          x: 0.99347968, y: 0.54128468, z: -0.00089449}, {id: 1, qw: 1.0, qx: 0.00412611,
          qy: 0.02167631, qz: 0.00929344, size: 0.2, x: 0.47743835, y: 0.53491713,
          z: -0.00331257}, {id: 21, qw: 1.0, qx: -0.00611114, qy: 0.01955368, qz: -0.00106272,
          size: 0.2, x: 0.99821541, y: 0.032138, z: 0.00676382}, {id: 3, qw: 1.0,
          qx: 0.0040529, qy: 0.03335596, qz: 0.00794618, size: 0.2, x: 0.4754673,
          y: 1.01918355, z: -0.01024918}, {id: 2, qw: 1.0, qx: -0.00592399, qy: 0.02415472,
          qz: 0.02502461, size: 0.2, x: 0.99621636, y: 1.00809668, z: 0.0004683},
        {id: 18, qw: 1.0, qx: -0.00911694, qy: -0.00258857, qz: 0.00930933, size: 0.2,
          x: -0.01010476, y: 1.01726367, z: -0.0118023}, {id: 6, qw: 1.0, qx: 0.00807479,
          qy: -0.02390918, qz: 0.00108954, size: 0.2, x: -0.47922533, y: 0.53614577,
          z: -0.01706267}, {id: 4, qw: 1.0, qx: 0.00060193, qy: -0.00939654, qz: -0.00408652,
          size: 0.2, x: -0.50049874, y: 1.0200093, z: -0.01656697}, {id: 5, qw: 1.0,
          qx: 0.00341977, qy: -0.05326961, qz: -0.00598139, size: 0.2, x: -1.01210283,
          y: 1.04100206, z: -0.05942801}, {id: 7, qw: 1.0, qx: 0.01042181, qy: -0.03431814,
          qz: 0.0191362, size: 0.2, x: -0.99834952, y: 0.58202938, z: -0.03517131},
        {id: 20, qw: 1.0, qx: 0.01105345, qy: -0.0320921, qz: -0.00350312, size: 0.2,
          x: -0.9950676, y: 0.00381912, z: -0.03061911}, {id: 10, qw: 1.0, qx: 0.00711097,
          qy: -0.057356, qz: 0.00759575, size: 0.2, x: -0.99460301, y: -0.46159338,
          z: -0.0229313}, {id: 9, qw: 1.0, qx: 0.01561338, qy: -0.03702621, qz: 0.03477436,
          size: 0.2, x: -0.47950194, y: -0.43381618, z: -0.00414215}, {id: 15, qw: 1.0,
          qx: 0.06414392, qy: -0.07076278, qz: 0.02086586, size: 0.2, x: -1.00299475,
          y: -1.01982685, z: -0.0311264}, {id: 19, qw: 1.0, qx: 0.03683745, qy: 0.00395258,
          qz: 0.00901776, size: 0.2, x: 0.00969441, y: -1.01392882, z: 0.00768195},
        {id: 11, qw: 1.0, qx: 0.00524281, qy: 0.01330697, qz: 0.00279132, size: 0.2,
          x: 0.47117398, y: -0.45804699, z: 0.00817003}, {id: 13, qw: 1.0, qx: 0.02214824,
          qy: 0.01393998, qz: -0.00236763, size: 0.2, x: 0.47589223, y: -0.99230993,
          z: 0.01345051}, {id: 17, qw: 1.0, qx: 0.00863585, qy: 0.01097681, qz: 0.02434766,
          size: 0.2, x: 1.00690293, y: -0.46085884, z: 0.00655724}, {id: 12, qw: 1.0,
          qx: 0.02531279, qy: 0.02561454, qz: 0.016346, size: 0.2, x: 1.02739441,
          y: -0.98679216, z: 0.00222508}], name: tag_bundles_downward}, {layout: [],
      name: ''}]}
